Moro
(1273, 0, '[[21458,-1,-5],[21459,3,-2],[3000,0,0]]'),
(1274, 1, '[[21460,0,-2],[21461,-2,-5],[21462,0,-7],[21463,1,-5],[21475,1,-6],[21465,4,-5],[21464,2,-5],[21466,-1,-5],[21467,1,-6],[21472,-1,-5],[21468,4,-3],[21471,1,-2],[21469,2,-3],[21473,5,-3],[21470,2,-5],[21474,0,-5],[3001,0,0]]'),
(1275, 2, '[[21476,1,-1],[21477,-1,-4],[21487,3,-2],[21485,0,-1],[21486,1,-1],[21484,0,-2],[21483,2,-1],[21488,0,-1],[21478,1,-1],[21482,-2,-5],[21479,0,0],[21481,0,0],[21480,0,0],[3002,0,0]]'),

gohan beat

(1282, 0, '[[21493,-2,-23],[21494,-1,-21],[3000,0,0]]'),
(1283, 1, '[[21495, -1, -3],[21496, -3, -8],[21497, -3, -8],[21498, -1, -7],[21499, -2, -8],[21500, 2, -6],[21501, 0, -6],[21502, -1, -5],[21503, -2, -7],[21509, 1, -5],[21504, 1, -6],[21508, -2, -6],[21505, 1, -5],[21510, 2, -9],[21506, 1, -8],[21507, 1, -7],[3001, 0, 0]]'),
(1284, 2, '[[21511, 1, -3],[21512, -1, -4],[21522, 0, -1],[21520, 1, 0],[21521, 0, -3],[21519, -1, -1],[21518, 1, -1],[21523, 0, 1],[21513, 0, -2],[21517, -4, -5],[21514, 1, -2],[21516, 0, 1],[21515, 0, -1],[3002, 0, 0]]'),


goku huyet

(1279, 0, '[[21524,-23,-22],[21525,-22,-19],[3000,0,0]]'),
(1280, 1, '[[21526, -1, -3],[21527, -3, -8],[21528, -3, -8],[21529, -1, -7],[21530, -2, -8],[21531, 2, -6],[21532, 0, -6],[21533, -1, -5],[21534, -2, -7],[21540, 1, -5],[21535, 1, -6],[21539, -2, -6],[21536, 1, -5],[21541, 2, -9],[21537, 1, -8],[21538, 1, -7],[3001, 0, 0]]'),
(1281, 2, '[[21542, 1, -3],[21543, -1, -4],[21553, 0, -1],[21551, 1, 0],[21552, 0, -3],[21550, -1, -1],[21549, 1, -1],[21554, 0, 1],[21544, 0, -2],[21548, -4, -5],[21545, 1, -2],[21547, 0, 1],[21546, 0, -1],[3002, 0, 0]]'),