(1374, 0, '[[17994,1,-17],[17995,-1,-18],[2955,0,0]]'),
(1375, 1, '[[17996,-1,-5],[17997,-4,-9],[17998,-2,-9],[17999,-4,-9],[18000,-2,-9],[18001,2,-9],[18002,0,-8],[18003,-3,-8],[18004,-3,-9],[18005,-5,-8],[18006,-2,-8],[18007,-4,-5],[18008,0,-14],[18009,-1,-9],[18010,-3,-9],[18011,-2,-9],[2955,0,0]]'),
(1376, 2, '[[18012,3,0],[18013,-2,-4],[18014,1,-2],[18015,-1,-3],[18016,0,-4],[18017,-2,-2],[18018,0,-2],[18019,0,1],[18020,-1,0],[18021,-2,-4],[18022,0,-4],[18023,0,-2],[18024,-1,-2],[2955,0,0]]'),



(1377, 0, '[[18026,3,-12],[18027,2,-9],[2955,0,0]]'),
(1378, 1, '[[18028,-2,-9],[18029,-6,-13],[18030,-6,-11],[18031,-5,-11],[18032,-3,-11],[18033,1,-10],[18034,-1,-12],[18035,-1,-12],[18036,-3,-12],[18037,-1,-12],[18038,-1,-10],[18039,-7,-9],[18040,-1,-14],[18041,-1,-11],[18042,-2,-12],[18043,-2,-12],[2955,0,0]]'),
(1379, 2, '[[18044,3,-2],[18045,-7,-5],[18046,-1,-2],[18047,2,-3],[18048,-6,-4],[18049,-2,-3],[18050,-3,-3],[18051,-5,-2],[18052,-6,-4],[18053,-3,-6],[18054,1,-6],[18055,-6,-2],[18056,-5,-1],[2955,0,0]]'), namec



(1380, 0, '[[17961,1,-17],[17962,-1,-18],[2955,0,0]]'),
(1381, 1, '[[17963,-2,-6],[17964,-4,-9],[17965,-2,-9],[17966,-3,-9],[17967,-2,-9],[17968,2,-9],[17969,-1,-8],[17970,-3,-8],[17971,-3,-9],[17972,-5,-8],[17973,-3,-9],[17974,-4,-5],[17975,0,-14],[17976,-2,-9],[17977,-2,-9],[17978,-1,-9],[2955,0,0]]'),
(1382, 2, '[[17979,4,0],[17980,-2,-4],[17981,1,-2],[17982,0,-3],[17983,0,-4],[17984,-1,-2],[17985,-1,-2],[17986,0,0],[17987,0,0],[17988,-3,-4],[17989,0,-5],[17990,-1,0],[17991,0,-2],[2955,0,0]]'), tóc trắng